,NB_LATITUDE,NB_LONGITUDE,Date,V00,V01,V02,V03,V04,V05,V06,V07,V08,V09,V10,V11,V12,V13,V14,V15,V16,V17,V18,V19,V20,V21,V22,V23,V24,V25,V26,V27,V28,V29,V30,V31,V32,V33,V34,V35,V36,V37,V38,V39,V40,V41,V42,V43,V44,V45,V46,V47,V48,V49,V50,V51,V52,V53,V54,V55,V56,V57,V58,V59,V60,V61,V62,V63,V64,V65,V66,V67,V68,V69,V70,V71,V72,V73,V74,V75,V76,V77,V78,V79,V80,V81,V82,V83,V84,V85,V86,V87,V88,V89,V90,V91,V92,V93,V94,V95,Identifier
0,-37.82313,145.02565,2006-10-01,84,76,58,59,59,47,69,52,57,52,39,59,45,37,45,34,33,33,32,45,27,28,30,40,29,50,38,44,30,44,42,52,56,54,76,77,85,112,124,125,145,129,159,159,150,135,164,160,152,158,156,163,182,174,153,172,138,135,144,152,149,162,123,163,140,135,117,115,146,107,144,113,105,110,117,92,84,92,82,76,80,57,69,61,88,68,80,68,71,52,45,51,48,49,34,36,4263 - 14482
1,-37.82313,145.02565,2006-10-02,26,26,16,16,12,10,8,11,7,14,8,10,6,7,9,13,7,12,19,22,17,29,28,47,58,103,149,201,203,272,362,314,353,277,327,254,242,153,174,170,162,161,160,165,155,166,152,166,157,147,149,135,165,181,146,151,160,163,159,151,134,173,167,159,151,148,148,148,184,164,149,162,125,168,142,167,138,90,107,100,100,88,109,81,80,90,67,68,70,62,41,42,49,31,24,21,4263 - 14482
2,-37.82313,145.02565,2006-10-03,15,20,9,10,12,13,6,9,5,8,14,9,8,12,9,8,12,19,10,14,11,31,48,62,93,106,178,216,236,326,332,308,364,253,324,291,227,201,186,147,148,147,157,173,137,162,180,151,143,157,185,154,156,190,161,175,146,240,177,174,164,186,168,181,177,149,147,201,156,162,181,181,173,175,158,135,124,131,111,109,114,101,109,94,94,101,105,86,99,75,73,53,55,53,45,44,4263 - 14482
3,-37.82313,145.02565,2006-10-04,41,27,23,24,13,22,20,12,22,15,10,13,8,13,13,7,13,14,15,10,18,21,46,64,81,115,181,224,259,275,322,316,319,278,299,256,244,187,191,204,143,210,162,180,179,157,176,178,166,178,164,192,147,146,123,159,169,158,158,151,154,171,180,163,165,166,155,173,156,189,149,177,180,154,154,162,132,116,135,108,124,84,110,100,124,88,75,94,88,73,76,87,51,42,33,32,4263 - 14482
4,-37.82313,145.02565,2006-10-05,30,27,16,20,19,9,11,11,9,11,15,7,10,8,12,16,16,12,15,15,16,25,41,63,73,112,169,192,244,280,292,353,298,312,317,324,208,192,219,167,185,154,186,182,193,153,172,173,159,166,157,174,166,175,158,158,153,135,166,155,180,175,193,160,184,150,161,179,172,193,152,202,162,207,154,157,161,141,131,108,113,117,117,113,115,123,92,91,86,81,83,74,74,68,59,43,4263 - 14482
5,-37.82313,145.02565,2006-10-06,47,37,35,25,26,32,29,21,35,25,21,26,17,16,19,20,23,16,7,14,22,31,56,74,90,110,163,209,245,265,333,295,273,232,312,274,208,167,197,178,179,165,178,149,139,173,181,168,173,167,165,158,168,169,142,155,156,159,159,144,148,156,177,187,175,158,169,161,196,159,159,222,165,177,193,181,161,155,146,150,109,117,100,109,143,114,104,101,103,94,97,101,77,104,81,84,4263 - 14482
6,-37.82313,145.02565,2006-10-07,60,71,46,67,48,62,52,47,58,49,39,47,38,41,37,31,24,22,25,34,17,27,24,36,40,35,77,91,82,69,102,109,94,113,130,138,132,155,199,149,145,184,170,167,167,187,158,189,177,185,143,172,153,160,177,168,171,159,158,157,174,156,129,167,141,131,145,134,164,122,145,139,131,148,145,133,154,136,124,121,139,84,87,96,99,108,87,99,98,106,94,102,96,100,104,78,4263 - 14482
7,-37.82313,145.02565,2006-10-08,103,71,66,78,64,55,68,32,50,40,58,48,31,43,34,42,39,30,21,31,27,29,21,42,31,37,49,37,44,45,42,54,56,72,70,94,109,91,116,118,136,137,143,150,152,152,133,135,155,159,174,133,157,140,147,166,140,143,160,163,169,140,145,127,140,127,152,123,108,121,122,142,133,115,120,111,119,95,75,62,74,61,76,66,84,65,68,90,51,46,58,62,46,41,33,28,4263 - 14482
8,-37.82313,145.02565,2006-10-09,20,17,15,13,14,14,9,15,14,8,9,12,11,14,12,7,12,6,11,18,13,26,33,62,83,117,162,171,220,293,305,370,319,311,311,282,218,190,204,122,166,174,167,159,161,160,159,166,169,149,168,172,160,145,165,147,158,176,140,145,165,152,180,150,185,142,144,156,163,191,171,176,173,152,129,108,109,114,122,97,80,88,94,83,93,92,80,82,78,66,59,41,42,26,24,21,4263 - 14482
9,-37.82313,145.02565,2006-10-10,28,21,15,11,12,12,9,10,8,7,9,8,9,12,8,6,12,9,13,16,13,33,50,62,77,111,159,212,244,288,303,346,315,324,294,124,242,201,209,196,149,177,161,162,165,175,166,177,172,180,175,152,158,176,178,139,171,147,150,129,158,150,182,152,169,166,165,168,153,181,189,171,173,189,151,159,118,148,130,116,110,110,105,94,99,91,103,106,93,79,80,91,61,51,49,38,4263 - 14482
10,-37.82313,145.02565,2006-10-11,31,26,39,22,22,23,13,20,20,14,14,13,10,8,13,15,12,10,12,14,15,26,54,70,89,133,160,224,222,304,321,307,326,279,318,246,243,206,213,196,198,168,165,176,161,158,196,173,161,192,156,166,170,140,161,160,145,165,149,156,139,159,171,167,145,154,160,173,166,194,167,190,164,160,182,141,145,133,131,97,84,101,110,114,85,112,124,95,96,70,72,80,55,51,55,31,4263 - 14482
11,-37.82313,145.02565,2006-10-12,21,27,24,18,12,9,10,18,9,8,9,13,13,9,4,9,12,9,17,16,15,26,33,55,73,106,143,188,254,288,313,319,299,242,289,267,274,179,194,189,183,165,163,178,176,136,183,192,175,149,141,155,162,156,158,160,170,157,157,137,147,172,183,156,147,150,168,153,168,135,174,194,182,185,173,134,111,136,145,118,115,104,116,125,98,101,124,105,78,83,100,56,62,57,43,56,4263 - 14482
12,-37.82313,145.02565,2006-10-13,61,42,47,35,28,22,19,21,9,9,19,14,14,14,9,10,15,9,23,22,19,34,48,75,83,105,149,199,229,281,340,327,318,286,264,252,243,202,201,189,157,173,174,154,180,158,185,179,167,173,169,187,166,155,159,154,158,170,153,169,173,170,174,164,144,183,172,156,178,191,197,155,183,149,168,134,157,169,119,111,132,114,116,116,99,116,112,100,107,94,90,105,91,97,90,66,4263 - 14482
13,-37.82313,145.02565,2006-10-14,70,81,72,65,53,53,60,63,47,44,40,34,28,21,20,18,27,34,23,28,31,19,24,43,47,56,77,83,69,75,85,86,88,113,129,142,155,160,165,193,156,157,179,172,174,175,167,184,193,190,162,172,180,151,154,174,173,165,176,144,153,155,163,146,131,160,153,159,139,133,107,132,117,155,140,149,129,112,140,98,99,105,96,98,114,93,89,88,99,96,94,74,99,110,95,83,4263 - 14482
14,-37.82313,145.02565,2006-10-15,80,88,57,62,51,52,50,45,59,55,45,36,43,31,38,35,46,41,61,53,42,30,41,28,29,38,52,36,53,48,53,59,56,54,88,93,89,136,131,145,144,149,140,137,132,158,146,159,186,140,154,162,133,162,162,171,172,146,127,157,137,155,155,134,135,146,150,132,137,114,118,137,95,111,121,94,92,84,82,71,66,80,69,70,77,67,59,64,74,57,46,49,41,29,41,31,4263 - 14482
15,-37.82313,145.02565,2006-10-16,33,17,26,14,12,10,11,8,12,15,12,6,7,10,4,8,13,6,10,12,17,30,46,57,68,105,148,182,252,259,327,298,321,299,285,288,200,216,188,157,161,163,167,154,153,144,163,158,162,151,158,170,168,144,149,152,146,164,168,161,136,158,161,157,159,145,162,170,149,150,181,154,152,135,155,137,127,138,119,114,87,105,91,88,98,88,77,69,108,77,63,64,35,27,24,34,4263 - 14482
16,-37.82313,145.02565,2006-10-17,32,25,15,14,13,13,8,14,11,7,5,5,8,10,13,3,8,8,11,17,20,26,53,71,80,126,180,211,281,299,300,361,307,234,222,227,258,177,185,188,172,182,175,150,156,159,185,168,148,164,136,150,167,151,151,144,139,154,133,163,143,161,176,160,170,160,134,160,177,192,186,177,185,174,163,162,150,141,126,117,116,104,110,113,108,106,109,114,84,73,63,77,66,57,55,43,4263 - 14482
17,-37.82313,145.02565,2006-10-18,43,35,20,14,17,16,15,15,11,20,12,8,13,8,12,6,12,9,10,19,12,27,51,66,86,120,172,214,223,266,354,311,290,269,333,263,236,203,170,163,167,152,168,148,152,164,167,136,154,166,160,153,160,146,137,129,148,147,158,128,167,166,182,155,153,172,174,188,175,169,191,143,188,170,170,167,163,153,136,128,110,110,128,104,118,122,105,99,95,86,91,60,55,46,44,43,4263 - 14482
18,-37.82313,145.02565,2006-10-19,36,19,26,10,25,15,9,16,14,18,7,18,10,13,13,11,9,15,9,23,16,24,49,59,92,138,176,205,232,311,300,351,270,334,297,286,205,235,209,188,158,180,169,166,167,165,188,182,193,156,158,167,166,168,158,157,189,191,159,147,169,151,189,157,152,133,163,161,189,197,170,184,190,155,169,152,130,142,127,155,103,126,109,111,103,123,104,117,101,67,86,78,73,62,68,44,4263 - 14482
19,-37.82313,145.02565,2006-10-20,43,47,28,37,31,22,20,27,19,18,13,18,16,16,13,18,13,12,13,15,22,31,56,63,80,112,180,194,234,296,361,323,290,328,283,254,209,209,201,182,183,168,162,177,171,158,184,174,159,165,169,144,164,194,137,144,157,182,154,158,157,162,167,184,177,132,160,181,154,185,179,186,162,168,169,179,140,150,129,115,112,127,97,108,120,129,85,106,107,85,95,110,84,91,87,72,4263 - 14482
20,-37.82313,145.02565,2006-10-21,79,115,87,64,46,42,41,49,28,38,18,30,35,21,18,21,28,15,27,25,16,16,28,31,41,53,73,85,64,74,78,95,101,114,128,126,134,140,159,165,158,158,162,149,169,155,167,155,177,178,177,176,179,190,164,166,168,159,170,179,163,149,151,159,149,124,159,161,160,134,135,148,122,145,174,165,134,114,153,125,91,86,89,86,90,89,91,90,72,85,109,76,75,82,92,84,4263 - 14482
21,-37.82313,145.02565,2006-10-22,92,73,78,58,52,78,62,55,68,47,44,40,36,48,28,29,31,24,27,30,31,27,35,35,25,32,39,40,39,43,56,56,51,48,63,100,108,116,120,131,107,134,154,141,113,167,137,152,145,148,170,165,178,155,148,151,136,144,133,150,131,162,131,152,137,166,148,163,147,95,122,128,117,127,117,115,111,91,79,88,73,82,65,82,75,71,60,49,63,68,50,55,33,45,28,33,4263 - 14482
22,-37.82313,145.02565,2006-10-23,30,30,24,11,13,13,16,6,9,8,13,5,6,5,15,11,11,12,13,12,21,40,43,65,69,100,153,192,237,285,337,332,340,267,280,214,254,201,197,172,168,152,170,150,153,189,164,155,151,156,159,149,155,162,170,170,157,133,154,114,141,168,162,156,161,158,153,163,159,157,174,172,153,163,130,123,119,105,123,96,107,99,104,86,88,73,66,71,74,47,57,36,41,31,27,20,4263 - 14482
23,-37.82313,145.02565,2006-10-29,70,93,69,57,69,58,53,50,63,51,44,48,46,37,44,41,48,44,30,24,31,27,30,28,28,21,54,41,35,39,54,60,64,85,66,96,143,123,144,128,99,121,130,124,134,150,131,137,151,146,133,181,151,152,137,157,143,146,149,146,149,173,137,147,129,145,144,132,145,136,117,105,136,113,105,115,90,82,80,94,75,87,115,96,75,105,58,66,62,56,59,72,43,49,51,51,4263 - 14482
24,-37.82313,145.02565,2006-10-30,34,21,29,12,15,22,11,12,12,14,16,7,7,5,8,7,9,9,10,13,14,20,43,44,60,84,156,200,228,268,302,345,319,298,350,255,199,208,155,166,150,157,157,166,164,144,158,158,153,145,154,166,157,152,147,140,150,145,162,129,174,164,164,153,168,148,155,169,143,187,177,176,185,138,149,124,113,111,105,89,89,79,82,86,89,84,95,79,86,50,59,48,47,43,28,27,4263 - 14482
25,-37.82313,145.02565,2006-10-31,29,26,22,10,13,16,11,9,11,13,7,8,9,6,7,15,7,11,14,17,15,23,42,57,65,92,149,215,247,257,340,330,338,327,305,294,226,203,195,193,152,157,154,153,149,164,191,155,139,172,162,147,162,175,157,152,147,152,153,133,191,178,173,152,149,163,155,143,171,178,179,143,171,161,159,151,127,138,131,119,116,92,95,105,93,85,102,97,90,86,82,72,71,45,40,43,4263 - 14482
